granola <- c(28.90,28.35,29.91,28.96,29.36,31.12,31.43,32.81,
             30.11,30.48,30.13,31.29)
granola.package <- c(0.62,0.68)
